104,3
104,2
104,1
104,0
100,3
100,2
100,1
100,0
99,3
99,2
99,1
99,0
98,3
98,2
98,1
98,0
85,3
85,2
85,1
85,0
84,4
84,3
84,2
84,1
84,0
82,3
82,2
82,1
82,0
73,3
73,2
73,1
73,0
72,3
72,2
72,1
72,0
70,12
70,6
70,4
70,0
69,123
69,122
69,121
69,120
69,118
69,117
69,116
69,115
69,114
69,113
69,112
69,111
69,110
69,108
69,107
69,106
69,104
69,102
69,100
69,99
69,96
69,95
69,94
69,92
62,2
69,86
69,84
69,82
69,81
69,119
69,78
69,23
69,77
69,105
69,76
69,67
69,74
69,109
69,72
69,91
69,70
69,93
69,68
70,11
69,66
70,7
70,5
69,32
70,8
69,30
70,9
69,28
70,1
69,26
69,24
70,10
69,21
70,2
69,20
70,3
69,8
69,6
64,2
69,3
69,2
64,3
69,1
65,7
65,6
20,2
65,5
20,1
65,4
65,3
20,3
65,2
